GRT_LABELLED_TIME_SERIES_CLASSIFICATION_DATA_FILE_V1.0
DatasetName: NOT_SET
InfoText: 
NumDimensions: 7
TotalNumTrainingExamples: 4
NumberOfClasses: 1
ClassIDsAndCounters: 
1	4
UseExternalRanges: 0
LabelledTimeSeriesTrainingData:
************TIME_SERIES************
ClassID: 1
TimeSeriesLength: 10
TimeSeriesData: 
-5384	-12252	-8988	2	292	-266	42
5384	-12252	-8988	2	292	-266	42
-5324	-12292	-8940	-63	333	-343	41
5324	-12292	-8940	-63	333	-343	41
-5368	-12232	-8928	-49	301	-283	41
5368	-12232	-8928	-49	301	-283	41
-5324	-12292	-8940	-63	333	-343	41
5324	-12292	-8940	-63	333	-343	41
-5368	-12232	-8928	-49	301	-283	41
5368	-12232	-8928	-49	301	-283	41
************TIME_SERIES************
ClassID: 1
TimeSeriesLength: 10
TimeSeriesData: 
-5400	-12284	-8896	-52	290	-263	39
-5348	-12360	-8752	-47	300	-296	40
5348	-12360	-8752	-47	300	-296	40
-5396	-12280	-8868	-37	310	-287	40
5396	-12280	-8868	-37	310	-287	40
-5428	-12216	-8956	-16	288	-262	41
5428	-12216	-8956	-16	288	-262	41
-5332	-12244	-8932	-31	309	-282	43
5332	-12244	-8932	-31	309	-282	43
-5444	-12212	-8956	-29	303	-288	43
************TIME_SERIES************
ClassID: 1
TimeSeriesLength: 10
TimeSeriesData: 
-5340	-12228	-8892	-13	290	-272	40
5340	-12228	-8892	-13	290	-272	40
-5400	-12252	-8988	-49	327	-328	46
5400	-12252	-8988	-49	327	-328	46
-5308	-12212	-8952	-62	309	-309	48
5308	-12212	-8952	-62	309	-309	48
-5392	-12244	-8844	-18	309	-289	47
5392	-12244	-8844	-18	309	-289	47
-5240	-12260	-9020	-2	305	-285	52
5240	-12260	-9020	-2	305	-285	52
************TIME_SERIES************
ClassID: 1
TimeSeriesLength: 10
TimeSeriesData: 
-5304	-12292	-8936	-37	312	-297	48
5304	-12292	-8936	-37	312	-297	48
-5324	-12384	-8924	-34	284	-299	50
5324	-12384	-8924	-34	284	-299	50
-5384	-12256	-8768	-30	303	-288	50
5384	-12256	-8768	-30	303	-288	50
-5408	-12316	-8780	-21	295	-281	48
5408	-12316	-8780	-21	295	-281	48
-5332	-12372	-8920	-10	287	-282	50
5332	-12372	-8920	-10	287	-282	50
